0.000000E+00	1.380000E+00
5.000000E-01	1.570320E+02
1.000000E+00	2.909200E+02
1.500000E+00	4.503960E+02
2.000000E+00	5.953030E+02
2.500000E+00	7.472320E+02
3.000000E+00	8.929740E+02
3.500000E+00	1.056486E+03
4.000000E+00	1.210847E+03
4.500000E+00	1.345063E+03
5.000000E+00	1.505420E+03
5.500000E+00	1.654883E+03
6.000000E+00	1.809127E+03
6.500000E+00	1.949036E+03
7.000000E+00	2.094262E+03
7.500000E+00	2.261668E+03
8.000000E+00	2.393442E+03
8.500000E+00	2.556781E+03
9.000000E+00	2.692578E+03
9.500000E+00	2.857559E+03
1.000000E+01	2.997614E+03
1.050000E+01	3.158728E+03
1.100000E+01	3.314997E+03
1.150000E+01	3.448704E+03
1.200000E+01	3.596465E+03
1.250000E+01	3.737354E+03
1.300000E+01	3.919885E+03
1.350000E+01	4.049407E+03
1.400000E+01	4.196252E+03
1.450000E+01	4.362686E+03
1.500000E+01	4.481704E+03
1.550000E+01	4.657427E+03
1.600000E+01	4.805808E+03
1.650000E+01	4.954943E+03
1.700000E+01	5.109928E+03
1.750000E+01	5.264473E+03
1.800000E+01	5.395472E+03
1.850000E+01	5.555842E+03
1.900000E+01	5.728214E+03
1.950000E+01	5.856155E+03
2.000000E+01	6.012767E+03
2.050000E+01	6.158108E+03
2.100000E+01	6.288174E+03
2.150000E+01	6.442795E+03
2.200000E+01	6.593869E+03
2.250000E+01	6.762979E+03
2.300000E+01	6.896079E+03
2.350000E+01	7.062560E+03
2.400000E+01	7.191168E+03
2.450000E+01	7.338434E+03
2.500000E+01	7.508239E+03
2.550000E+01	7.631956E+03
2.600000E+01	7.814869E+03
2.650000E+01	7.947661E+03
2.700000E+01	8.085379E+03
2.750000E+01	8.253909E+03
2.800000E+01	8.390827E+03
2.850000E+01	8.555914E+03
2.900000E+01	8.676416E+03
2.950000E+01	8.846688E+03
3.000000E+01	9.001005E+03
3.050000E+01	9.122622E+03
3.100000E+01	9.288431E+03
3.150000E+01	9.426715E+03
3.200000E+01	9.602253E+03
3.250000E+01	9.741902E+03
3.300000E+01	9.889433E+03
3.350000E+01	1.003100E+04
3.400000E+01	1.021313E+04
3.450000E+01	1.037376E+04
3.500000E+01	1.049026E+04
3.550000E+01	1.064076E+04
3.600000E+01	1.079200E+04
3.650000E+01	1.094626E+04
3.700000E+01	1.110102E+04
3.750000E+01	1.125001E+04
3.800000E+01	1.140010E+04
3.850000E+01	1.157800E+04
3.900000E+01	1.170613E+04
3.950000E+01	1.184861E+04
4.000000E+01	1.200571E+04
4.050000E+01	1.215119E+04
4.100000E+01	1.231194E+04
4.150000E+01	1.244873E+04
4.200000E+01	1.259845E+04
4.250000E+01	1.274810E+04
4.300000E+01	1.289169E+04
4.350000E+01	1.303092E+04
4.400000E+01	1.319564E+04
4.450000E+01	1.336055E+04
4.500000E+01	1.350343E+04
4.550000E+01	1.364901E+04
4.600000E+01	1.378133E+04
4.650000E+01	1.395098E+04
4.700000E+01	1.410799E+04
4.750000E+01	1.424860E+04
4.800000E+01	1.438676E+04
4.850000E+01	1.455145E+04
4.900000E+01	1.471310E+04
4.950000E+01	1.485276E+04
5.000000E+01	1.499372E+04
5.050000E+01	1.514551E+04
5.100000E+01	1.530287E+04
5.150000E+01	1.544496E+04
5.200000E+01	1.559010E+04
5.250000E+01	1.575019E+04
5.300000E+01	1.590501E+04
5.350000E+01	1.604410E+04
5.400000E+01	1.619614E+04
5.450000E+01	1.635365E+04
5.500000E+01	1.648544E+04
5.550000E+01	1.665780E+04
5.600000E+01	1.680269E+04
5.650000E+01	1.694275E+04
5.700000E+01	1.711033E+04
5.750000E+01	1.727427E+04
5.800000E+01	1.740830E+04
5.850000E+01	1.754907E+04
5.900000E+01	1.771223E+04
5.950000E+01	1.785378E+04
6.000000E+01	1.800419E+04
6.050000E+01	1.816365E+04
6.100000E+01	1.828827E+04
6.150000E+01	1.843920E+04
6.200000E+01	1.860055E+04
6.250000E+01	1.874753E+04
6.300000E+01	1.888367E+04
6.350000E+01	1.905512E+04
6.400000E+01	1.920420E+04
6.450000E+01	1.935066E+04
6.500000E+01	1.948065E+04
6.550000E+01	1.965092E+04
6.600000E+01	1.980686E+04
6.650000E+01	1.994953E+04
6.700000E+01	2.008940E+04
6.750000E+01	2.024680E+04
6.800000E+01	2.040224E+04
6.850000E+01	2.054994E+04
6.900000E+01	2.071078E+04
6.950000E+01	2.085403E+04
7.000000E+01	2.099775E+04
7.050000E+01	2.114004E+04
7.100000E+01	2.130430E+04
7.150000E+01	2.144746E+04
7.200000E+01	2.159185E+04
7.250000E+01	2.175460E+04
7.300000E+01	2.190346E+04
7.350000E+01	2.205673E+04
7.400000E+01	2.220054E+04
7.450000E+01	2.235506E+04
7.500000E+01	2.248810E+04
7.550000E+01	2.265291E+04
7.600000E+01	2.280038E+04
7.650000E+01	2.293416E+04
7.700000E+01	2.310618E+04
7.750000E+01	2.324904E+04
7.800000E+01	2.338230E+04
7.850000E+01	2.356165E+04
7.900000E+01	2.370372E+04
7.950000E+01	2.385003E+04
8.000000E+01	2.398376E+04
8.050000E+01	2.415285E+04
8.100000E+01	2.430092E+04
8.150000E+01	2.445057E+04
8.200000E+01	2.458971E+04
8.250000E+01	2.474725E+04
8.300000E+01	2.489146E+04
8.350000E+01	2.504416E+04
8.400000E+01	2.520010E+04
8.450000E+01	2.536131E+04
8.500000E+01	2.549647E+04
8.550000E+01	2.566280E+04
8.600000E+01	2.581089E+04
8.650000E+01	2.594305E+04
8.700000E+01	2.610369E+04
8.750000E+01	2.624080E+04
8.800000E+01	2.639890E+04
8.850000E+01	2.654926E+04
8.900000E+01	2.670604E+04
8.950000E+01	2.684988E+04
9.000000E+01	2.699163E+04
9.050000E+01	2.714607E+04
9.100000E+01	2.729138E+04
9.150000E+01	2.746146E+04
9.200000E+01	2.760749E+04
9.250000E+01	2.776725E+04
9.300000E+01	2.790045E+04
9.350000E+01	2.805806E+04
9.400000E+01	2.819366E+04
9.450000E+01	2.835321E+04
9.500000E+01	2.849841E+04
9.550000E+01	2.864263E+04
9.600000E+01	2.878361E+04
9.650000E+01	2.895823E+04
9.700000E+01	2.908108E+04
9.750000E+01	2.925882E+04
9.800000E+01	2.940157E+04
9.850000E+01	2.955334E+04
9.900000E+01	2.968835E+04
9.950000E+01	2.984862E+04
1.000000E+02	3.000161E+04
1.005000E+02	3.016084E+04
1.010000E+02	3.029627E+04
1.015000E+02	3.043041E+04
1.020000E+02	3.060471E+04
1.025000E+02	3.075588E+04
1.030000E+02	3.089410E+04
1.035000E+02	3.106235E+04
1.040000E+02	3.120024E+04
1.045000E+02	3.136382E+04
1.050000E+02	3.149538E+04
1.055000E+02	3.164449E+04
1.060000E+02	3.179470E+04
1.065000E+02	3.194939E+04
1.070000E+02	3.209781E+04
1.075000E+02	3.223971E+04
1.080000E+02	3.240246E+04
1.085000E+02	3.253251E+04
1.090000E+02	3.269078E+04
1.095000E+02	3.284672E+04
1.100000E+02	3.300576E+04
1.105000E+02	3.314929E+04
1.110000E+02	3.329891E+04
1.115000E+02	3.344250E+04
1.120000E+02	3.359974E+04
1.125000E+02	3.375320E+04
1.130000E+02	3.388331E+04
1.135000E+02	3.404826E+04
1.140000E+02	3.419264E+04
1.145000E+02	3.435659E+04
1.150000E+02	3.449685E+04
1.155000E+02	3.464092E+04
1.160000E+02	3.480669E+04
1.165000E+02	3.496200E+04
1.170000E+02	3.511285E+04
1.175000E+02	3.525987E+04
1.180000E+02	3.538753E+04
1.185000E+02	3.554648E+04
1.190000E+02	3.571337E+04
1.195000E+02	3.585173E+04
1.200000E+02	3.600694E+04
1.205000E+02	3.615089E+04
1.210000E+02	3.630199E+04
1.215000E+02	3.645368E+04
1.220000E+02	3.660329E+04
1.225000E+02	3.674735E+04
1.230000E+02	3.689551E+04
1.235000E+02	3.703885E+04
1.240000E+02	3.720149E+04
1.245000E+02	3.736775E+04
1.250000E+02	3.751748E+04
1.255000E+02	3.765014E+04
1.260000E+02	3.780604E+04
1.265000E+02	3.793927E+04
1.270000E+02	3.809731E+04
1.275000E+02	3.824992E+04
1.280000E+02	3.839498E+04
1.285000E+02	3.855121E+04
1.290000E+02	3.870619E+04
1.295000E+02	3.884857E+04
1.300000E+02	3.899166E+04
1.305000E+02	3.916137E+04
1.310000E+02	3.930360E+04
1.315000E+02	3.945151E+04
1.320000E+02	3.960040E+04
1.325000E+02	3.975017E+04
1.330000E+02	3.991096E+04
1.335000E+02	4.006871E+04
1.340000E+02	4.021623E+04
1.345000E+02	4.036519E+04
1.350000E+02	4.049538E+04
1.355000E+02	4.065060E+04
1.360000E+02	4.082677E+04
1.365000E+02	4.095002E+04
1.370000E+02	4.110493E+04
1.375000E+02	4.126121E+04
1.380000E+02	4.139950E+04
1.385000E+02	4.153927E+04
1.390000E+02	4.170058E+04
1.395000E+02	4.185624E+04
1.400000E+02	4.198126E+04
1.405000E+02	4.216063E+04
1.410000E+02	4.228889E+04
1.415000E+02	4.244921E+04
1.420000E+02	4.258319E+04
1.425000E+02	4.274136E+04
1.430000E+02	4.291819E+04
1.435000E+02	4.305661E+04
1.440000E+02	4.321035E+04
1.445000E+02	4.334832E+04
1.450000E+02	4.348330E+04
1.455000E+02	4.364946E+04
1.460000E+02	4.379429E+04
1.465000E+02	4.394973E+04
1.470000E+02	4.410749E+04
1.475000E+02	4.423096E+04
1.480000E+02	4.437954E+04
1.485000E+02	4.454707E+04
1.490000E+02	4.468897E+04
1.495000E+02	4.487168E+04
1.500000E+02	4.500090E+04
1.505000E+02	4.514745E+04
1.510000E+02	4.530161E+04
1.515000E+02	4.544636E+04
1.520000E+02	4.559560E+04
1.525000E+02	4.576010E+04
1.530000E+02	4.590552E+04
1.535000E+02	4.604950E+04
1.540000E+02	4.620844E+04
1.545000E+02	4.635673E+04
1.550000E+02	4.650701E+04
1.555000E+02	4.666128E+04
1.560000E+02	4.681138E+04
1.565000E+02	4.695299E+04
1.570000E+02	4.709048E+04
1.575000E+02	4.724825E+04
1.580000E+02	4.741021E+04
1.585000E+02	4.755351E+04
1.590000E+02	4.769958E+04
1.595000E+02	4.786406E+04
1.600000E+02	4.801868E+04
1.605000E+02	4.814072E+04
1.610000E+02	4.831043E+04
1.615000E+02	4.844551E+04
1.620000E+02	4.858838E+04
1.625000E+02	4.876816E+04
1.630000E+02	4.891032E+04
1.635000E+02	4.904905E+04
1.640000E+02	4.920676E+04
1.645000E+02	4.935947E+04
1.650000E+02	4.950543E+04
1.655000E+02	4.963407E+04
1.660000E+02	4.981574E+04
1.665000E+02	4.992875E+04
1.670000E+02	5.009101E+04
1.675000E+02	5.027041E+04
1.680000E+02	5.038884E+04
1.685000E+02	5.053714E+04
1.690000E+02	5.069720E+04
1.695000E+02	5.084494E+04
1.700000E+02	5.098766E+04
1.705000E+02	5.115101E+04
1.710000E+02	5.129776E+04
1.715000E+02	5.144509E+04
1.720000E+02	5.158694E+04
1.725000E+02	5.175001E+04
1.730000E+02	5.189569E+04
1.735000E+02	5.204117E+04
1.740000E+02	5.219826E+04
1.745000E+02	5.234334E+04
1.750000E+02	5.249947E+04
1.755000E+02	5.265548E+04
1.760000E+02	5.280094E+04
1.765000E+02	5.296684E+04
1.770000E+02	5.310032E+04
1.775000E+02	5.324107E+04
1.780000E+02	5.340334E+04
1.785000E+02	5.356164E+04
1.790000E+02	5.367693E+04
1.795000E+02	5.384947E+04
1.800000E+02	5.401310E+04
